6282336266226271
6282193947112
62821962672986
6283871576645
628219626362447
6285338534457
6281286616893
6285776422447
62812195562857
62838762239357
62812195562857
62838762815121
62852824762182
62823471266217
62821432336269
6285249693948
628233625628465
628219262136287
622156187111
622156187222
6281284123448
6281284123447
628963623629951
6285286237915
6289715626779
6289694938291
6285327333861
6285399275281
62852462233277
62853996274249
62853298624377
62216888367
6285213262623623
6285696228417
6285813221927
6281315989578
6285813221927
6281286616893
62896624215643
6285322222685 
62852573446627
62821137262777
628975532756
6285397243555
6285776422447
62812195562857
6285213931566
628219627362146